@@,item,itemlabel,position,positionlabel,startdate,enddate,psid
---,Q105319569,Abdulhamid Dbeibeh,Q96393310,Minister of Defence,2021-03-15,,Q105319569-0C222912-531D-424B-ACFA-7615994B0566
